Overwrite the object from (1.) using the same sequence with the order reversed.




> sequence<-seq(from=5,to=-11,by=-0.3)
> sequence
 [1]   5.0   4.7   4.4   4.1   3.8   3.5
 [7]   3.2   2.9   2.6   2.3   2.0   1.7
[13]   1.4   1.1   0.8   0.5   0.2  -0.1
[19]  -0.4  -0.7  -1.0  -1.3  -1.6  -1.9
[25]  -2.2  -2.5  -2.8  -3.1  -3.4  -3.7
[31]  -4.0  -4.3  -4.6  -4.9  -5.2  -5.5
[37]  -5.8  -6.1  -6.4  -6.7  -7.0  -7.3
[43]  -7.6  -7.9  -8.2  -8.5  -8.8  -9.1
[49]  -9.4  -9.7 -10.0 -10.3 -10.6 -10.9
> sequence<-rev(sequence)
> sequence
 [1] -10.9 -10.6 -10.3 -10.0  -9.7  -9.4
 [7]  -9.1  -8.8  -8.5  -8.2  -7.9  -7.6
[13]  -7.3  -7.0  -6.7  -6.4  -6.1  -5.8
[19]  -5.5  -5.2  -4.9  -4.6  -4.3  -4.0
[25]  -3.7  -3.4  -3.1  -2.8  -2.5  -2.2
[31]  -1.9  -1.6  -1.3  -1.0  -0.7  -0.4
[37]  -0.1   0.2   0.5   0.8   1.1   1.4
[43]   1.7   2.0   2.3   2.6   2.9   3.2
[49]   3.5   3.8   4.1   4.4   4.7   5.0
